 Activation: identity Solver: sgd
Score = 0.5016835016835017
Confusion matrix: 
[[57  0  0  0  0  0  9 27  0  0]
 [ 0  0  0  0  0  0  1  0  0  0]
 [ 2  0  0  3  0  0  2  0  0  0]
 [ 0  0  0  8  1  0  0  0  0  0]
 [ 2  0  0  3  1  1  1  2  0  0]
 [ 6  0  0  0  2  9  7  8  0  0]
 [14  0  0  1  2  1 30  1  0  0]
 [37  0  0  0  0  0  5 44  0  0]
 [ 2  0  0  0  0  0  2  0  0  0]
 [ 3  0  0  1  0  2  0  0  0  0]]

 Activation: logistic Solver: sgd
Score = 0.31313131313131315
Confusion matrix: 
[[93  0  0  0  0  0  0  0  0  0]
 [ 1  0  0  0  0  0  0  0  0  0]
 [ 7  0  0  0  0  0  0  0  0  0]
 [ 9  0  0  0  0  0  0  0  0  0]
 [10  0  0  0  0  0  0  0  0  0]
 [32  0  0  0  0  0  0  0  0  0]
 [49  0  0  0  0  0  0  0  0  0]
 [86  0  0  0  0  0  0  0  0  0]
 [ 4  0  0  0  0  0  0  0  0  0]
 [ 6  0  0  0  0  0  0  0  0  0]]

 Activation: tanh Solver: sgd
Score = 0.531986531986532
Confusion matrix: 
[[64  0  0  0  0  0  6 23  0  0]
 [ 0  0  0  0  0  0  1  0  0  0]
 [ 2  0  0  0  0  0  5  0  0  0]
 [ 0  0  0  5  1  1  2  0  0  0]
 [ 2  0  0  1  0  1  5  1  0  0]
 [ 2  0  0  0  1 18  4  7  0  0]
 [14  0  0  0  1  2 31  1  0  0]
 [41  0  0  0  0  0  5 40  0  0]
 [ 1  0  0  0  0  0  2  1  0  0]
 [ 3  0  0  0  0  2  1  0  0  0]]

 Activation: relu Solver: sgd
Score = 0.48484848484848486
Confusion matrix: 
[[59  0  0  0  0  0  7 27  0  0]
 [ 0  0  0  0  0  0  1  0  0  0]
 [ 1  0  0  0  0  0  5  1  0  0]
 [ 0  0  0  0  0  1  8  0  0  0]
 [ 4  0  0  0  0  2  4  0  0  0]
 [19  0  0  0  0  4  7  2  0  0]
 [11  0  0  0  0  1 32  5  0  0]
 [31  0  0  0  0  0  6 49  0  0]
 [ 1  0  0  0  0  1  2  0  0  0]
 [ 3  0  0  0  0  2  1  0  0  0]]

 Activation: identity Solver: adam
Score = 0.6060606060606061
Confusion matrix: 
[[64  0  0  0  1  0  7 21  0  0]
 [ 0  0  0  0  0  0  1  0  0  0]
 [ 2  0  3  0  0  0  2  0  0  0]
 [ 0  0  0  8  1  0  0  0  0  0]
 [ 3  0  1  1  2  2  1  0  0  0]
 [ 1  0  0  0  1 28  2  0  0  0]
 [13  0  0  1  2  2 30  1  0  0]
 [37  0  0  0  0  1  4 44  0  0]
 [ 1  0  0  0  0  0  2  0  1  0]
 [ 2  0  1  0  0  2  0  1  0  0]]

 Activation: logistic Solver: adam
Score = 0.5387205387205387
Confusion matrix: 
[[50  0  0  0  0  1 14 28  0  0]
 [ 0  0  0  1  0  0  0  0  0  0]
 [ 1  0  0  0  0  0  6  0  0  0]
 [ 0  0  0  8  1  0  0  0  0  0]
 [ 0  0  0  2  1  3  3  1  0  0]
 [ 3  0  0  2  0 20  3  4  0  0]
 [15  0  0  2  1  1 29  1  0  0]
 [28  0  0  0  0  1  5 52  0  0]
 [ 1  0  0  1  0  1  1  0  0  0]
 [ 3  0  0  0  0  2  1  0  0  0]]

 Activation: tanh Solver: adam
Score = 0.5925925925925926
Confusion matrix: 
[[57  0  0  0  1  0  5 30  0  0]
 [ 0  0  1  0  0  0  0  0  0  0]
 [ 2  0  3  0  0  0  2  0  0  0]
 [ 0  0  0  9  0  0  0  0  0  0]
 [ 3  0  1  1  2  2  1  0  0  0]
 [ 2  0  0  0  1 27  2  0  0  0]
 [12  0  1  1  1  2 29  3  0  0]
 [33  0  0  0  0  1  4 48  0  0]
 [ 1  0  1  0  0  0  1  0  1  0]
 [ 2  0  1  0  0  2  0  1  0  0]]

 Activation: relu Solver: adam
Score = 0.5622895622895623
Confusion matrix: 
[[52  0  0  0  1  1  5 34  0  0]
 [ 0  0  0  1  0  0  0  0  0  0]
 [ 2  0  3  0  0  0  2  0  0  0]
 [ 0  0  0  8  1  0  0  0  0  0]
 [ 2  0  1  2  1  2  1  1  0  0]
 [ 2  0  0  2  1 25  2  0  0  0]
 [11  0  0  3  1  1 28  5  0  0]
 [33  0  0  0  0  0  4 49  0  0]
 [ 0  0  0  1  0  0  1  1  1  0]
 [ 2  0  1  0  0  2  0  1  0  0]]

